From the given information,     
\begin{align}    
    \vec{AB} &= \myvec{-2\\4\\5}\myvec{1&3&-6}\\
 &= \myvec{-2&-6&12\\4&12&-24\\5&15&-30}
\end{align}
Hence, 
\begin{align}
\brak{\vec{AB}}^{\top} &=  \myvec{-2&4&5\\-6&12&15\\12&-24&-30}
\end{align}
Also,
\begin{align}
\vec{A}^{\top} &= \myvec{-2&4&5} \\
\vec{B}^{\top} &= \myvec{1\\3\\-6}
\end{align}
Now
\begin{align}
\vec{B}^{\top}\vec{A}^{\top} &= \myvec{1\\3\\-6}\myvec{-2&4&5}\\
&= \myvec{-2&4&5\\-6&12&15\\12&-24&-30}\\
 &= \brak{\vec{AB}}^{\top} 
\end{align}
